"X1","X2","X3","X4","X5","X6","X7","X8","X9","X10","X11","X12","X13","X14","X15","X16","X17","X18","X19","X20","X21","X22","X23","X24","X25","X26","X27","X28","X29","X30","X31","X32","X33","X34","X35","X36","X37","X38","X39","X40","X41","X42","X43","X44","X45","X46","X47","X48","X49","X50","X51","X52","X53","X54","X55","X56","X57","X58","X59","X60","X61","X62","X63","X64","X65","X66","X67","X68","X69","X70","X71","X72","X73","X74","X75","X76","X77","X78","X79","X80","X81","X82","X83","X84","X85","X86","X87","X88","X89","X90","X91","X92","X93","X94","X95","X96","X97","X98","X99","X100","X101","X102","X103","X104","X105","X106","X107","X108","X109","X110","X111","X112","X113","X114","X115","X116","X117","X118","X119","X120","X121","X122","X123","X124","X125","X126","X127","X128","X129","X130","X131","X132","X133","X134","X135","X136","X137","X138","X139","X140","X141","X142","X143","X144","X145","X146","X147","X148","X149","X150","X151","X152","X153","X154","X155","X156","X157","X158","X159","X160","X161","X162","X163","X164","X165","X166","X167","X168","X169","X170","X171","X172","X173","X174","X175","X176","X177","X178","X179","X180","X181","X182","X183","X184","X185","X186","X187","X188","X189","X190","X191","X192","X193","X194","X195","X196","X197","X198","X199","X200","X201","X202","X203","X204","X205","X206","X207","X208","X209","X210","X211","X212","X213","X214","X215","X216","X217","X218","X219","X220","X221","X222","X223","X224","X225","X226","X227","X228","X229","X230","X231","X232","X233","X234","X235","X236","X237","X238","X239","X240","X241","X242","X243","X244","X245","X246","X247","X248","X249","X250","X251","X252","X253","X254","X255","X256","X257","X258","X259","X260","X261","X262","X263","X264","X265","X266","X267","X268","X269","X270","X271","X272","X273","X274","X275","X276","X277","X278","X279","X280","X281","X282","X283","X284","X285","X286","X287","X288","X289","X290","X291","X292","X293","X294","X295","X296","X297","X298","X299","X300","X301","X302","X303","X304","X305","X306","X307","X308","X309","X310","X311","X312","X313","X314","X315","X316","X317","X318","X319","X320","X321","X322","X323","X324","X325","X326","X327","X328","X329","X330","X331","X332","X333","X334","X335","X336","X337","X338","X339","X340","X341","X342","X343","X344","X345","X346","X347","X348","X349","X350","X351","X352","X353","X354","X355","X356","X357","X358","X359","X360","X361","X362","X363","X364","X365","X366","X367","X368","X369","X370","X371","X372","X373","X374","X375","X376","X377","X378","X379","X380","X381","X382","X383","X384","timepoints_I"
0.0587,0.0633,0.0707,0.0706,0.0622,0.0625,0.0646,0.0644,0.0604,0.0636,0.0623,0.0656,0.0692,0.0596,0.0617,0.0619,0.0636,0.0621,0.0748,0.0765,0.0734,0.0687,0.0673,0.0668,0.0625,0.0605,0.0655,0.0656,0.0619,0.0611,0.0634,0.0624,0.0597,0.0579,0.0608,0.0612,0.0579,0.0605,0.0581,0.0582,0.0592,0.0594,0.0664,0.0692,0.0654,0.067,0.0699,0.0698,0.0594,0.0631,0.0703,0.0613,0.0882,0.0644,0.0629,0.0603,0.0633,0.0658,0.0621,0.0603,0.0602,0.0625,0.0665,0.0656,0.0591,0.0621,0.0599,0.0607,0.0649,0.0619,0.066,0.084,0.0597,0.0657,0.0607,0.0597,0.0618,0.0578,0.0627,0.0578,0.0631,0.0617,0.0633,0.0616,0.0614,0.0587,0.0661,0.0641,0.0599,0.0617,0.059,0.0596,0.0646,0.0632,0.067,0.0786,0.0627,0.0643,0.0624,0.0621,0.0608,0.063,0.0648,0.0676,0.0644,0.0692,0.0654,0.0674,0.0607,0.0596,0.0611,0.0619,0.0641,0.0651,0.0675,0.061,0.0627,0.0635,0.0606,0.0731,0.0619,0.0634,0.0624,0.0617,0.0622,0.0613,0.0657,0.0648,0.0636,0.0649,0.0655,0.0658,0.0606,0.0574,0.061,0.0609,0.066,0.0677,0.0643,0.065,0.0649,0.0649,0.0669,0.0699,0.0607,0.0627,0.0635,0.0666,0.0635,0.0627,0.0599,0.0584,0.0642,0.0673,0.0759,0.0786,0.0653,0.0606,0.0627,0.0642,0.0599,0.0565,0.0645,0.0624,0.0632,0.0595,0.0609,0.0649,0.0648,0.0645,0.0606,0.0584,0.0645,0.0599,0.0607,0.0592,0.0654,0.0615,0.0691,0.2531,0.0967,0.0721,0.0668,0.0676,0.0617,0.0603,0.0739,0.0633,0.062,0.0578,0.0578,0.0715,0.0576,0.0611,0.0592,0.0574,0.0679,0.0649,0.0616,0.0613,0.0656,0.0675,0.0615,0.092,0.07,0.0648,0.0608,0.0618,0.0778,0.0782,0.0634,0.0605,0.0612,0.0619,0.0657,0.0658,0.0607,0.0584,0.0662,0.0611,0.0632,0.0652,0.0634,0.0623,0.0631,0.0626,0.0608,0.0593,0.0644,0.0632,0.0601,0.0607,0.0742,0.0784,0.0649,0.0653,0.0619,0.0628,0.0573,0.0697,0.0621,0.0636,0.0631,0.064,0.0631,0.0628,0.0633,0.063,0.0652,0.06,0.063,0.062,0.0593,0.0597,0.0707,0.0714,0.064,0.0595,0.0662,0.0661,0.0582,0.0565,0.0621,0.0673,0.0618,0.0599,0.0604,0.0639,0.0602,0.0658,0.0617,0.0618,0.0592,0.0578,0.0621,0.0602,0.0619,0.063,0.0716,0.0787,0.0637,0.0642,0.0673,0.0665,0.0592,0.0611,0.0627,0.0656,0.0619,0.0635,0.0617,0.0606,0.0623,0.0593,0.061,0.0584,0.0585,0.0613,0.0602,0.0612,0.0692,0.0639,0.0647,0.0627,0.0632,0.0622,0.0587,0.0583,0.0691,0.0638,0.0618,0.0697,0.062,0.0623,0.0604,0.0604,0.0608,0.0603,0.0588,0.0583,0.0608,0.0594,0.0626,0.0707,0.0633,0.064,0.0639,0.0649,0.0657,0.0637,0.0591,0.0595,0.0624,0.0618,0.0598,0.0686,0.0645,0.0605,0.0631,0.0645,0.0682,0.0702,0.0633,0.0614,0.0647,0.065,0.058,0.0636,0.0634,0.0627,0.061,0.0594,0.0621,0.0623,0.071,0.0669,0.0568,0.0554,0.0607,0.067,0.0592,0.0623,0.0613,0.0621,0.0641,0.0642,0.0634,0.0615,0.0692,0.069,0.0706,0.0638,0.0651,0.0714,0.0643,0.0655,0.0633,0.0605,0.0719,0.0706,0.0576,0.0552,0.0635,0.0672,0
0.0706,0.0712,0.074,0.0758,0.0695,0.0646,0.0631,0.0806,0.0899,0.0634,0.0688,0.0683,0.0696,0.0648,0.069,0.0636,0.0719,0.064,0.0862,0.0814,0.0691,0.0694,0.068,0.0749,0.0653,0.0634,0.0675,0.0668,0.0686,0.063,0.0633,0.0672,0.0672,0.0618,0.0659,0.0618,0.0639,0.0606,0.0629,0.0598,0.0607,0.0621,0.0785,0.0783,0.063,0.0634,0.0693,0.0675,0.0631,0.0622,0.0649,0.0639,0.0607,0.06,0.0614,0.0615,0.0701,0.0619,0.0623,0.0635,0.0685,0.0672,0.0651,0.0655,0.0654,0.0668,0.0616,0.0601,0.0618,0.0599,0.0725,0.066,0.0664,0.0624,0.0653,0.0608,0.0601,0.061,0.0633,0.0595,0.0696,0.0625,0.0631,0.0656,0.0705,0.0637,0.0678,0.0662,0.0643,0.0642,0.0605,0.059,0.0628,0.0619,0.0631,0.0859,0.0621,0.0653,0.0627,0.063,0.0611,0.0625,0.0638,0.0683,0.0614,0.0631,0.0642,0.066,0.0627,0.0658,0.0685,0.0641,0.065,0.0644,0.0652,0.0626,0.0658,0.0618,0.0595,0.0759,0.0663,0.0645,0.0777,0.0607,0.0607,0.0619,0.0839,0.0648,0.063,0.065,0.0663,0.067,0.061,0.0618,0.0704,0.0654,0.0669,0.0677,0.0692,0.0643,0.0645,0.065,0.0745,0.0784,0.0784,0.0676,0.0619,0.0627,0.0656,0.0636,0.0621,0.061,0.0617,0.0657,0.0764,0.0789,0.0611,0.0687,0.0653,0.0652,0.062,0.0603,0.0653,0.0628,0.0665,0.0635,0.0717,0.0677,0.0711,0.0641,0.0628,0.0605,0.0647,0.0641,0.0615,0.0601,0.0624,0.0627,0.0729,0.3586,0.1038,0.0587,0.0669,0.0671,0.0634,0.0615,0.0647,0.0608,0.0633,0.061,0.0645,0.0649,0.0633,0.0609,0.0587,0.0597,0.0656,0.0645,0.0629,0.0628,0.0636,0.0629,0.0608,0.1046,0.0668,0.0661,0.0592,0.064,0.0875,0.0753,0.0618,0.0619,0.0642,0.0609,0.0638,0.0797,0.0626,0.0591,0.0615,0.0568,0.0634,0.0674,0.062,0.06,0.0622,0.0624,0.0624,0.0608,0.0654,0.0648,0.062,0.0595,0.0875,0.0795,0.0614,0.0628,0.0633,0.0621,0.0636,0.0629,0.0643,0.0649,0.067,0.0628,0.0615,0.0625,0.0674,0.0619,0.0621,0.0631,0.0625,0.0657,0.0615,0.0627,0.078,0.0703,0.0663,0.0598,0.0613,0.0712,0.0587,0.0607,0.0624,0.063,0.0977,0.0635,0.0598,0.0595,0.0608,0.0601,0.0612,0.061,0.0592,0.0596,0.0619,0.0638,0.0689,0.0602,0.0837,0.0746,0.0628,0.0602,0.0621,0.0612,0.0605,0.062,0.0672,0.0695,0.0656,0.0676,0.0634,0.0632,0.063,0.0628,0.0635,0.0639,0.0616,0.0605,0.0638,0.0628,0.0649,0.0663,0.067,0.0644,0.0687,0.0667,0.067,0.0612,0.0734,0.0677,0.0663,0.0706,0.0623,0.0651,0.062,0.0621,0.0617,0.0633,0.0601,0.0617,0.0613,0.0615,0.0614,0.0603,0.0623,0.0633,0.0641,0.0637,0.0644,0.0636,0.0633,0.0595,0.0657,0.0626,0.0597,0.0676,0.0633,0.0605,0.0635,0.0658,0.0634,0.0649,0.0609,0.0638,0.0702,0.0647,0.0644,0.0641,0.0646,0.0642,0.1183,0.0614,0.0618,0.0645,0.0705,0.0672,0.063,0.0597,0.0632,0.0671,0.0639,0.0712,0.0637,0.0633,0.0644,0.0656,0.0672,0.066,0.0683,0.0865,0.0662,0.0661,0.0659,0.0638,0.065,0.0625,0.0643,0.0622,0.0737,0.0679,0.067,0.0626,0.0604,0.0678,3.58277777777778
0.3105,0.0746,0.0951,0.2243,0.4001,0.0704,0.0901,0.1294,0.0966,0.136,0.318,0.0721,0.1456,0.0711,0.0732,0.0685,0.1633,0.0693,0.1051,0.0884,0.085,0.138,0.0943,0.2395,0.3784,0.0652,0.0864,0.2453,0.3965,0.0641,0.0824,0.1275,0.079,0.1208,0.3021,0.0631,0.0853,0.0648,0.0624,0.0641,0.1264,0.0654,0.0881,0.0795,0.079,0.1549,0.0997,0.27,0.0773,0.0792,0.1505,0.0677,0.205,0.0709,0.122,0.0649,0.4021,0.0653,0.0807,0.0677,0.074,0.0706,0.0775,0.0737,0.0775,0.0729,0.0762,0.066,0.0635,0.0634,0.0924,0.1401,0.0751,0.0811,0.1528,0.0631,0.2009,0.0694,0.1225,0.0611,0.3043,0.0645,0.0785,0.0681,0.0754,0.0676,0.0788,0.0757,0.0775,0.0709,0.0731,0.0652,0.0648,0.0649,0.0774,0.1588,0.081,0.2382,0.066,0.066,0.0667,0.0655,0.086,0.0856,0.0661,0.0686,0.0816,0.1,0.0753,0.0697,0.1226,0.0709,0.0766,0.1046,0.0738,0.0763,0.0712,0.0687,0.0749,0.0833,0.0807,0.2671,0.0797,0.0659,0.0678,0.0644,0.0797,0.0718,0.0673,0.0664,0.0786,0.0955,0.0758,0.0661,0.1168,0.0725,0.0776,0.1071,0.0799,0.0787,0.0699,0.0738,0.0881,0.0817,0.0884,0.0723,0.2488,0.0645,0.0782,0.0677,0.4718,0.0618,0.0671,0.0684,0.0849,0.0973,0.0733,0.0684,0.0763,0.0964,0.0764,0.0652,0.077,0.075,0.0714,0.0666,0.0847,0.0801,0.0743,0.0681,0.2378,0.0643,0.0815,0.067,0.4171,0.0612,0.0681,0.0647,0.0831,0.312,0.1489,0.0633,0.0732,0.1032,0.0738,0.0646,0.0705,0.0745,0.0678,0.0652,0.0768,0.0762,0.0655,0.0621,0.063,0.0619,0.2354,0.0684,0.067,0.066,0.116,0.0665,0.0643,0.112,0.0713,0.0676,0.0675,0.0696,0.0965,0.1103,0.0662,0.065,0.0664,0.0648,0.0763,0.1438,0.0671,0.0621,0.0658,0.0587,0.2351,0.0718,0.066,0.0643,0.0882,0.0655,0.0659,0.064,0.0687,0.0668,0.0703,0.0687,0.1005,0.1216,0.0645,0.068,0.0679,0.0662,0.0746,0.1291,0.0751,0.0645,0.0683,0.066,0.0658,0.0651,0.0689,0.0652,0.1136,0.0672,0.0742,0.0715,0.269,0.0663,0.103,0.1008,0.2951,0.0632,0.0651,0.0734,0.0621,0.0594,0.0656,0.0658,0.1165,0.0668,0.0634,0.0633,0.0607,0.0615,0.0699,0.0649,0.1401,0.0631,0.073,0.0749,0.3182,0.0626,0.1069,0.1055,0.3107,0.0629,0.0645,0.0642,0.0639,0.0669,0.0716,0.0736,0.0674,0.0704,0.0796,0.0654,0.0662,0.0664,0.0679,0.0787,0.2943,0.0652,0.2429,0.0629,0.0657,0.0696,0.0762,0.0686,0.0941,0.1186,0.0936,0.0637,0.1026,0.1257,0.3371,0.0767,0.0667,0.077,0.0764,0.0637,0.0679,0.0656,0.0646,0.0833,0.2673,0.0634,0.2605,0.064,0.0647,0.0643,0.0777,0.0686,0.0977,0.1146,0.0943,0.0619,0.0993,0.1255,0.37,0.0747,0.3209,0.0635,0.0684,0.067,0.0685,0.0662,0.0655,0.0683,0.1597,0.067,0.1605,0.106,0.0849,0.1476,0.1345,0.0659,0.0652,0.0677,0.0981,0.1651,0.0636,0.0605,0.0863,0.0739,0.333,0.0735,0.0679,0.0653,0.0676,0.0683,0.0713,0.0695,0.1446,0.0882,0.1926,0.0966,0.0901,0.1309,0.0949,0.0666,0.0665,0.0684,0.0956,0.214,0.0682,0.0642,0.0963,0.0748,22.2055555555556
0.2711,0.0744,0.117,0.3246,0.3853,0.0699,0.1096,0.1563,0.1026,0.1897,0.3174,0.0709,0.2197,0.0732,0.0725,0.0689,0.1497,0.0695,0.1119,0.0876,0.0925,0.2722,0.1554,0.4598,0.3927,0.0641,0.104,0.3453,0.3674,0.065,0.0953,0.1507,0.0811,0.1627,0.3059,0.0639,0.1408,0.0635,0.0636,0.0608,0.1492,0.0661,0.0937,0.0766,0.0821,0.2597,0.1671,0.44,0.0804,0.1023,0.1649,0.0668,0.2474,0.0731,0.1278,0.0635,0.3623,0.0655,0.0989,0.0698,0.0772,0.0701,0.0791,0.077,0.0794,0.0781,0.0763,0.0696,0.064,0.0624,0.1087,0.1663,0.081,0.1036,0.165,0.0638,0.2488,0.0726,0.1234,0.0633,0.3744,0.0642,0.0958,0.0696,0.0758,0.0677,0.0774,0.0767,0.0778,0.0795,0.0789,0.0688,0.0657,0.0647,0.0936,0.196,0.0891,0.3739,0.0658,0.0659,0.0651,0.0663,0.1118,0.0851,0.0638,0.0669,0.0817,0.1103,0.0829,0.0665,0.1655,0.069,0.0765,0.1245,0.0739,0.0809,0.0717,0.081,0.0923,0.0849,0.0866,0.3918,0.0805,0.0665,0.0669,0.0637,0.0999,0.0788,0.0657,0.0667,0.0829,0.1116,0.082,0.0666,0.1614,0.0703,0.0797,0.1327,0.0799,0.0849,0.0733,0.0854,0.1023,0.0812,0.0874,0.0717,0.243,0.0619,0.0971,0.0676,0.5504,0.0613,0.0724,0.068,0.087,0.1007,0.097,0.0687,0.0849,0.1333,0.0774,0.0648,0.0806,0.0804,0.0699,0.0655,0.0862,0.0833,0.0725,0.0649,0.2464,0.0607,0.102,0.068,0.5289,0.0609,0.0711,0.0654,0.0997,0.3969,0.1579,0.0612,0.0739,0.1153,0.0763,0.0643,0.0773,0.0826,0.0676,0.0658,0.0817,0.0788,0.065,0.0624,0.0625,0.0608,0.2796,0.0667,0.0656,0.0665,0.1957,0.0661,0.0648,0.0914,0.0708,0.0675,0.0885,0.0738,0.1013,0.1201,0.0654,0.0674,0.0689,0.0654,0.0796,0.2321,0.0659,0.0601,0.0616,0.0584,0.2813,0.0715,0.0663,0.0657,0.1579,0.064,0.0658,0.0642,0.0688,0.0673,0.0907,0.0739,0.0991,0.1269,0.0678,0.0731,0.0707,0.068,0.0779,0.2307,0.0776,0.0634,0.0689,0.0653,0.0638,0.0641,0.0674,0.0642,0.1217,0.0654,0.0715,0.0736,0.2529,0.0634,0.1088,0.1114,0.3248,0.0653,0.064,0.0726,0.0624,0.059,0.0649,0.0672,0.1175,0.0661,0.0605,0.0607,0.0636,0.0614,0.0667,0.0642,0.1393,0.0627,0.0726,0.0769,0.2772,0.0617,0.1107,0.1155,0.3678,0.0636,0.0659,0.0629,0.0639,0.0648,0.0709,0.0735,0.0665,0.071,0.0928,0.0639,0.0685,0.0667,0.0685,0.0902,0.2529,0.0617,0.2509,0.0624,0.0625,0.0683,0.0823,0.0709,0.1068,0.1351,0.1067,0.0623,0.1072,0.147,0.4427,0.075,0.0655,0.0794,0.0873,0.0618,0.0677,0.0661,0.0652,0.0936,0.2503,0.0619,0.2873,0.0614,0.0636,0.0655,0.085,0.0688,0.1057,0.1322,0.1125,0.0614,0.1098,0.1528,0.4829,0.0723,0.2855,0.0617,0.0674,0.0651,0.0675,0.0637,0.0664,0.0692,0.1784,0.0674,0.2308,0.1508,0.0905,0.2086,0.1447,0.0656,0.0646,0.0659,0.0995,0.2234,0.0624,0.0589,0.0837,0.0722,0.2912,0.0746,0.0682,0.0647,0.0687,0.0685,0.0717,0.0737,0.1565,0.0878,0.2291,0.1511,0.0974,0.1737,0.0989,0.0674,0.0683,0.0664,0.1021,0.2801,0.065,0.0621,0.095,0.0745,27.5258333333333
0.3173,0.0764,0.2725,0.5078,0.3344,0.0721,0.2996,0.2846,0.2375,0.4738,0.291,0.0726,0.2296,0.0734,0.0729,0.0699,0.1522,0.0717,0.1827,0.0876,0.2982,0.4069,0.4906,0.3898,0.3079,0.0691,0.2351,0.5639,0.3126,0.0645,0.2762,0.2549,0.1696,0.3762,0.2613,0.0623,0.1799,0.0656,0.0616,0.06,0.1593,0.0689,0.1486,0.0796,0.2621,0.4031,0.511,0.3723,0.1202,0.2332,0.2139,0.0671,0.3693,0.181,0.1719,0.0641,0.2784,0.0684,0.181,0.0878,0.0864,0.0691,0.0877,0.0893,0.1221,0.189,0.1507,0.1211,0.0645,0.0641,0.4029,0.5484,0.1278,0.2078,0.2118,0.0657,0.2777,0.187,0.1615,0.0602,0.2621,0.087,0.1833,0.0868,0.096,0.0666,0.088,0.0901,0.1218,0.1867,0.157,0.1245,0.0646,0.0646,0.2696,0.5525,0.2355,0.453,0.0969,0.0863,0.0962,0.0649,0.2204,0.1234,0.0644,0.0691,0.1514,0.3452,0.2092,0.0651,0.2333,0.0715,0.1483,0.3627,0.1221,0.124,0.0947,0.2472,0.2302,0.0902,0.2139,0.4358,0.1178,0.0782,0.0876,0.063,0.2168,0.1152,0.0649,0.068,0.1791,0.3524,0.2096,0.0659,0.2362,0.0752,0.1538,0.3838,0.1203,0.125,0.0911,0.2485,0.214,0.0836,0.0885,0.0721,0.2456,0.0623,0.1638,0.1013,0.6836,0.0605,0.1643,0.0674,0.1799,0.1412,0.2875,0.0663,0.1581,0.2669,0.1681,0.078,0.1223,0.0955,0.0882,0.0755,0.1247,0.1654,0.0795,0.066,0.2053,0.0619,0.1596,0.1001,0.6674,0.0639,0.1081,0.0653,0.1131,0.5439,0.3051,0.0595,0.1581,0.2738,0.1638,0.0793,0.1169,0.0932,0.0807,0.0793,0.1359,0.1627,0.0666,0.0618,0.0603,0.0641,0.2892,0.0893,0.0848,0.07,0.2126,0.0633,0.0886,0.2172,0.0878,0.0673,0.21,0.1178,0.1584,0.2086,0.1106,0.1098,0.1032,0.0665,0.2087,0.3121,0.0671,0.0596,0.0622,0.0581,0.2758,0.1656,0.0769,0.0691,0.2372,0.0635,0.0899,0.0645,0.0746,0.0692,0.2186,0.1253,0.1362,0.4858,0.1118,0.117,0.1045,0.0669,0.1653,0.2954,0.099,0.063,0.0676,0.0631,0.0625,0.0628,0.0681,0.0653,0.1474,0.0668,0.0781,0.0823,0.1935,0.0622,0.1296,0.1417,0.3018,0.1113,0.0655,0.0714,0.0623,0.0586,0.0665,0.069,0.1253,0.0641,0.0624,0.0623,0.06,0.0595,0.0681,0.062,0.1986,0.0638,0.0782,0.0898,0.2254,0.0633,0.1339,0.1513,0.3059,0.1332,0.0678,0.0635,0.0629,0.0646,0.0729,0.0718,0.0675,0.0704,0.1806,0.0629,0.0795,0.1507,0.1233,0.1439,0.1911,0.0616,0.1909,0.0624,0.065,0.0826,0.1684,0.0705,0.1875,0.2524,0.1726,0.0635,0.1786,0.2485,0.4924,0.0752,0.0655,0.0782,0.175,0.0633,0.0825,0.1554,0.2468,0.1461,0.2225,0.0599,0.2299,0.0625,0.0628,0.0738,0.1629,0.069,0.2007,0.2518,0.2043,0.0619,0.2397,0.2581,0.5616,0.0763,0.3073,0.0652,0.0757,0.0658,0.0744,0.0644,0.0794,0.1411,0.1821,0.2595,0.3868,0.2851,0.2179,0.2973,0.2166,0.0661,0.0795,0.0692,0.1753,0.4252,0.0627,0.0587,0.0867,0.0713,0.3395,0.0724,0.0722,0.0669,0.0724,0.07,0.0863,0.0725,0.1747,0.273,0.4368,0.3013,0.2525,0.2641,0.2161,0.0705,0.0855,0.0739,0.2009,0.5168,0.0606,0.068,0.0997,0.0832,46.0347222222222
0.3063,0.0786,0.3237,0.4779,0.3309,0.0717,0.3082,0.3238,0.3068,0.5343,0.2812,0.0725,0.2679,0.0761,0.0748,0.0726,0.1605,0.0777,0.2021,0.087,0.3251,0.3838,0.476,0.3824,0.267,0.0846,0.2852,0.5451,0.3062,0.0638,0.2533,0.2768,0.2258,0.4296,0.247,0.0631,0.1834,0.0695,0.0617,0.0604,0.1568,0.0777,0.175,0.0822,0.3067,0.3799,0.5453,0.3694,0.1372,0.2582,0.2399,0.0683,0.4092,0.2401,0.1917,0.0637,0.2781,0.0803,0.1896,0.096,0.0937,0.0697,0.0929,0.0922,0.1429,0.2304,0.1845,0.1568,0.0656,0.0654,0.5291,0.5803,0.1481,0.2238,0.2367,0.0655,0.3195,0.2486,0.1669,0.0611,0.2562,0.1044,0.1916,0.0976,0.1123,0.0669,0.0947,0.0933,0.1422,0.2134,0.1972,0.1608,0.0671,0.0664,0.3563,0.5689,0.2817,0.4374,0.1151,0.0877,0.1141,0.0648,0.2286,0.1529,0.0654,0.0689,0.1981,0.408,0.2428,0.0666,0.2546,0.0732,0.2019,0.4221,0.1471,0.1378,0.1026,0.2691,0.2569,0.09,0.2312,0.4076,0.1228,0.0857,0.0987,0.0646,0.2217,0.1467,0.0638,0.0686,0.2405,0.4079,0.2397,0.0675,0.2496,0.0768,0.2105,0.4379,0.1404,0.1407,0.1007,0.2627,0.2397,0.0857,0.0896,0.074,0.2288,0.0623,0.1709,0.112,0.7064,0.0627,0.1799,0.0672,0.2072,0.1719,0.2987,0.067,0.1883,0.3291,0.2098,0.085,0.133,0.0984,0.1043,0.0803,0.1453,0.2053,0.0759,0.0665,0.1871,0.0627,0.1673,0.1132,0.6776,0.0711,0.1622,0.0665,0.1271,0.6799,0.3264,0.0608,0.1909,0.3424,0.2015,0.0853,0.1257,0.1001,0.0884,0.0814,0.1621,0.2037,0.0685,0.0623,0.0608,0.0614,0.2995,0.1308,0.0903,0.0737,0.238,0.0663,0.1204,0.1515,0.0926,0.069,0.2269,0.1332,0.1828,0.2242,0.1199,0.1191,0.1257,0.0675,0.2302,0.3276,0.0691,0.0608,0.0656,0.0595,0.3111,0.2001,0.0786,0.0716,0.2596,0.0663,0.1232,0.0641,0.0821,0.0717,0.2446,0.138,0.1548,0.645,0.1197,0.1274,0.1261,0.0697,0.1908,0.3135,0.1106,0.0653,0.0689,0.063,0.063,0.0636,0.0716,0.0658,0.1603,0.0702,0.0825,0.0869,0.176,0.0638,0.1354,0.1485,0.276,0.1314,0.0678,0.0726,0.0635,0.0598,0.0706,0.0687,0.143,0.0643,0.0632,0.0638,0.0623,0.0606,0.0715,0.0634,0.2149,0.0668,0.0837,0.0901,0.2137,0.0626,0.1431,0.1573,0.2925,0.1724,0.0686,0.0646,0.0627,0.0671,0.0749,0.0746,0.0698,0.0725,0.1863,0.0647,0.0867,0.1834,0.0894,0.1733,0.192,0.0625,0.1709,0.0638,0.0662,0.0903,0.1974,0.0712,0.2121,0.3012,0.1844,0.0661,0.22,0.281,0.5328,0.0749,0.0684,0.0796,0.1867,0.0645,0.0886,0.1996,0.1715,0.1697,0.2208,0.0614,0.2122,0.0615,0.0672,0.0881,0.1778,0.0699,0.2553,0.2836,0.2289,0.0621,0.2926,0.2864,0.6084,0.0765,0.2548,0.0707,0.078,0.0685,0.0773,0.0657,0.0827,0.168,0.1919,0.333,0.4327,0.3129,0.3703,0.2811,0.2443,0.0691,0.0856,0.0733,0.2044,0.4258,0.0632,0.0589,0.0913,0.0728,0.3156,0.0763,0.0778,0.0696,0.074,0.0703,0.0958,0.0805,0.1995,0.3334,0.4438,0.3133,0.3457,0.2574,0.2564,0.0752,0.0987,0.0777,0.2293,0.4624,0.0628,0.0721,0.1027,0.081,49.9230555555556
0.4507,0.3976,0.3611,0.4232,0.5223,0.292,0.4839,0.4391,0.6246,0.491,0.4858,0.0827,0.2832,0.168,0.0946,0.0866,0.1654,0.1511,0.3665,0.089,0.2556,0.3282,0.2705,0.2784,0.4784,0.3663,0.3528,0.443,0.4964,0.2195,0.5782,0.4015,0.617,0.4929,0.4744,0.0664,0.3032,0.2074,0.091,0.0667,0.1795,0.1477,0.3026,0.0828,0.2958,0.3224,0.37,0.3029,0.2444,0.2922,0.3881,0.336,0.3711,0.3825,0.3533,0.0651,0.3757,0.4307,0.3385,0.2897,0.3242,0.0749,0.2691,0.1216,0.3746,0.2457,0.4083,0.312,0.1483,0.0695,0.6983,0.5627,0.2592,0.2613,0.3747,0.3196,0.3706,0.3704,0.3289,0.062,0.3566,0.4349,0.3466,0.309,0.3162,0.0738,0.2862,0.1196,0.3002,0.2279,0.3471,0.3125,0.1396,0.0722,0.7121,0.5717,0.3149,0.3237,0.1415,0.1845,0.3474,0.0715,0.7112,0.2082,0.3405,0.0749,0.8562,0.4819,0.4372,0.0701,0.3127,0.1725,0.6407,0.4308,0.2177,0.1854,0.1401,0.243,0.4727,0.3216,0.3048,0.3136,0.1572,0.2158,0.3503,0.069,0.7678,0.204,0.1284,0.073,0.8499,0.4808,0.4268,0.0693,0.3391,0.0918,0.6513,0.3775,0.2115,0.1761,0.1195,0.2389,0.5132,0.2993,0.1193,0.0797,0.3362,0.0651,0.2982,0.2193,1.0484,0.4059,0.4118,0.0678,1.0962,0.258,0.464,0.0686,0.6188,0.3761,0.444,0.2179,0.2155,0.1464,0.3596,0.2504,0.5685,0.3086,0.091,0.0712,0.2711,0.0636,0.3021,0.2114,1.0676,0.5723,0.3254,0.0669,0.8722,0.7711,0.43,0.065,0.6975,0.3691,0.4629,0.2172,0.2109,0.1457,0.4309,0.2437,0.6787,0.3177,0.0805,0.0661,0.088,0.0602,0.3688,0.3332,0.2444,0.1736,0.3303,0.0678,0.4196,0.0923,0.2355,0.4049,0.3655,0.2217,0.5327,0.2772,0.4305,0.4023,0.2952,0.0695,0.2904,0.2541,0.2325,0.065,0.0881,0.0585,0.3842,0.341,0.2511,0.1766,0.3361,0.0694,0.4015,0.0649,0.2567,0.4012,0.3901,0.239,0.5056,0.6967,0.4545,0.4281,0.288,0.0738,0.2701,0.1961,0.3752,0.0681,0.1123,0.0678,0.0879,0.0652,0.1358,0.0702,0.5103,0.1919,0.1696,0.136,0.3183,0.0657,0.2357,0.2273,0.4418,0.3382,0.3654,0.0741,0.0891,0.0628,0.3166,0.0761,0.4323,0.0693,0.1151,0.0667,0.0951,0.0652,0.1106,0.0691,0.5183,0.1716,0.1947,0.1419,0.3699,0.0653,0.2164,0.2415,0.4799,0.3373,0.37,0.0661,0.0851,0.0682,0.3446,0.072,0.2803,0.0784,0.4459,0.0656,0.2601,0.3242,0.2623,0.3169,0.4051,0.0642,0.374,0.0667,0.2705,0.4802,0.3105,0.0735,0.2574,0.36,0.3306,0.3108,0.3211,0.3651,0.8572,0.0726,0.3102,0.0899,0.3797,0.0652,0.2733,0.2637,0.384,0.2999,0.4748,0.0618,0.4303,0.0635,0.3355,0.5796,0.3311,0.0732,0.2998,0.358,0.4026,0.3034,0.3915,0.3645,0.9084,0.0743,0.4604,0.3844,0.2686,0.0855,0.237,0.0835,0.4891,0.5683,0.2317,0.4362,0.4643,0.2829,0.233,0.1871,0.2651,0.251,0.1742,0.1509,0.2605,0.3159,0.083,0.0608,0.1788,0.077,0.4796,0.3853,0.3,0.0799,0.2611,0.085,0.3476,0.5611,0.2504,0.4549,0.5162,0.2819,0.2622,0.1872,0.3503,0.2525,0.1799,0.1823,0.271,0.3353,0.0823,0.0675,0.1698,0.0851,117.045833333333
